

1. studentListRegradeLevel.php
2. gradeStudentListRegradeLevel.php
3. index.php


-- ให้ตรวจสอบรายวิชาที่พบการลงทะเบียนเรียนซ้ำกัน 2 ครั้ง
-- ตรวจพบ 563 รายการ
-- เลขประจำตัวนักเรียนตามรายการด้านล่าง (151 คน)
	15394
	15072
	14805
	14804
	14803
	14802
	14801
	14800
	14798
	14797
	14795
	14794
	14793
	14792
	14789
	14788
	14785
	14784
	14783
	14782
	14726
	14725
	14724
	14695
	14663
	14657
	14652
	14644
	14643
	14639
	14638
	14635
	14633
	14632
	14629
	14548
	14540
	14537
	14536
	14525
	14458
	14446
	14428
	14426
	14423
	14410
	14395
	14359
	14358
	14305
	14140
	14047
	14020
	14010
	14008
	14007
	14001
	13997
	13995
	13985
	13982
	13949
	13948
	13947
	13945
	13944
	13939
	13937
	13935
	13934
	13922
	13912
	13909
	13887
	13882
	13879
	13876
	13871
	13863
	13852
	13848
	13846
	13845
	13833
	13828
	13825
	13816
	13811
	13806
	13797
	13780
	13754
	13747
	13652
	13651
	13634
	13564
	13563
	13562
	13561
	13558
	13535
	13534
	13529
	13528
	13527
	13525
	13522
	13512
	13509
	13505
	13503
	13493
	13492
	13474
	13472
	13470
	13463
	13458
	13443
	13434
	13428
	13427
	13424
	13422
	13397
	13388
	13364
	13360
	13358
	13354
	13352
	13351
	13347
	13346
	13326
	13323
	13322
	13321
	13320
	13318
	13313
	13312
	13307
	13306
	13305
	13300
	13297
	13294
	13292
	13291
